Delta,Time,CPU_FREQUENCY_0,CPU_FREQUENCY_1,CPU_FREQUENCY_10,CPU_FREQUENCY_11,CPU_FREQUENCY_12,CPU_FREQUENCY_13,CPU_FREQUENCY_14,CPU_FREQUENCY_15,CPU_FREQUENCY_2,CPU_FREQUENCY_3,CPU_FREQUENCY_4,CPU_FREQUENCY_5,CPU_FREQUENCY_6,CPU_FREQUENCY_7,CPU_FREQUENCY_8,CPU_FREQUENCY_9,CPU_USAGE_0,CPU_USAGE_1,CPU_USAGE_10,CPU_USAGE_11,CPU_USAGE_12,CPU_USAGE_13,CPU_USAGE_14,CPU_USAGE_15,CPU_USAGE_2,CPU_USAGE_3,CPU_USAGE_4,CPU_USAGE_5,CPU_USAGE_6,CPU_USAGE_7,CPU_USAGE_8,CPU_USAGE_9,DRAM_ENERGY (J),PACKAGE_ENERGY (J),PP0_ENERGY (J),TOTAL_MEMORY,TOTAL_SWAP,USED_MEMORY,USED_SWAP
0,1791575680578,2499,2499,800,800,799,800,800,800,2499,2499,2499,2500,2500,2499,799,800,4.1666669845581055,4.1666669845581055,0,0,12,0,0,8.333333969116211,4.1666669845581055,4.1666669845581055,8,4.34782600402832,4.1666669845581055,0,0,0,110479.02014160156,62580.550537109375,0,404327403520,8589930496,5592338432,114688
10,1791575680578,2499,2499,800,800,799,800,800,800,2499,2499,2499,2500,2500,2499,799,800,4.1666669845581055,4.1666669845581055,0,0,12,0,0,8.333333969116211,4.1666669845581055,4.1666669845581055,8,4.34782600402832,4.1666669845581055,0,0,0,110479.03552246094,62580.584411621094,0,404327403520,8589930496,5592338432,114688
9,1791575680588,2499,2499,800,800,799,800,800,800,2499,2499,2499,2500,2500,2499,799,800,4.1666669845581055,4.1666669845581055,0,0,12,0,0,8.333333969116211,4.1666669845581055,4.1666669845581055,8,4.34782600402832,4.1666669845581055,0,0,0,110479.19049072266,62580.955078125,0,404327403520,8589930496,5592338432,114688
9,1791575680598,2499,2499,800,800,799,800,800,800,2499,2499,2499,2500,2500,2499,799,800,4.1666669845581055,4.1666669845581055,0,0,12,0,0,8.333333969116211,4.1666669845581055,4.1666669845581055,8,4.34782600402832,4.1666669845581055,0,0,0,110479.34741210938,62581.32922363281,0,404327403520,8589930496,5592338432,114688
10,1791575680608,2499,2499,800,800,799,800,800,800,2499,2499,2499,2500,2500,2499,799,800,4.1666669845581055,4.1666669845581055,0,0,12,0,0,8.333333969116211,4.1666669845581055,4.1666669845581055,8,4.34782600402832,4.1666669845581055,0,0,0,110479.50079345703,62581.70690917969,0,404327403520,8589930496,5592338432,114688
9,1791575680618,2499,2499,800,800,799,800,800,800,2499,2499,2499,2500,2500,2499,799,800,4.1666669845581055,4.1666669845581055,0,0,12,0,0,8.333333969116211,4.1666669845581055,4.1666669845581055,8,4.34782600402832,4.1666669845581055,0,0,0,110479.65478515625,62582.08428955078,0,404327403520,8589930496,5592338432,114688
9,1791575680628,2499,2499,800,800,799,800,800,800,2499,2499,2499,2500,2500,2499,799,800,4.1666669845581055,4.1666669845581055,0,0,12,0,0,8.333333969116211,4.1666669845581055,4.1666669845581055,8,4.34782600402832,4.1666669845581055,0,0,0,110479.80639648438,62582.45489501953,0,404327403520,8589930496,5592338432,114688
9,1791575680638,2499,2499,800,800,799,800,800,800,2499,2499,2499,2500,2500,2499,799,800,4.1666669845581055,4.1666669845581055,0,0,12,0,0,8.333333969116211,4.1666669845581055,4.1666669845581055,8,4.34782600402832,4.1666669845581055,0,0,0,110479.96209716797,62582.83135986328,0,404327403520,8589930496,5592338432,114688
9,1791575680648,2499,2499,800,800,799,800,800,800,2499,2499,2499,2500,2500,2499,799,800,4.1666669845581055,4.1666669845581055,0,0,12,0,0,8.333333969116211,4.1666669845581055,4.1666669845581055,8,4.34782600402832,4.1666669845581055,0,0,0,110480.11779785156,62583.205322265625,0,404327403520,8589930496,5592338432,114688
9,1791575680658,2499,2499,800,800,799,800,800,800,2499,2499,2499,2500,2500,2499,799,800,4.1666669845581055,4.1666669845581055,0,0,12,0,0,8.333333969116211,4.1666669845581055,4.1666669845581055,8,4.34782600402832,4.1666669845581055,0,0,0,110480.27032470703,62583.58416748047,0,404327403520,8589930496,5592338432,114688
9,1791575680668,2499,2499,800,800,799,800,800,800,2499,2499,2499,2500,2500,2499,799,800,4.1666669845581055,4.1666669845581055,0,0,12,0,0,8.333333969116211,4.1666669845581055,4.1666669845581055,8,4.34782600402832,4.1666669845581055,0,0,0,110480.42547607422,62583.95391845703,0,404327403520,8589930496,5592338432,114688
10,1791575680678,2499,2499,800,800,799,800,800,800,2499,2499,2499,2500,2500,2499,799,800,4.1666669845581055,4.1666669845581055,0,0,12,0,0,8.333333969116211,4.1666669845581055,4.1666669845581055,8,4.34782600402832,4.1666669845581055,0,0,0,110480.57397460938,62584.330078125,0,404327403520,8589930496,5592338432,114688
9,1791575680689,2499,2499,800,800,799,800,800,800,2499,2499,2499,2500,2500,2499,799,800,4.1666669845581055,4.1666669845581055,0,0,12,0,0,8.333333969116211,4.1666669845581055,4.1666669845581055,8,4.34782600402832,4.1666669845581055,0,0,0,110480.74224853516,62584.70544433594,0,404327403520,8589930496,5592338432,114688
9,1791575680699,2499,2499,800,800,799,800,800,800,2499,2499,2499,2500,2500,2499,799,800,4.1666669845581055,4.1666669845581055,0,0,12,0,0,8.333333969116211,4.1666669845581055,4.1666669845581055,8,4.34782600402832,4.1666669845581055,0,0,0,110480.89569091797,62585.11651611328,0,404327403520,8589930496,5592338432,114688
9,1791575680709,2499,2499,800,800,799,800,800,800,2499,2499,2499,2500,2500,2499,799,800,4.1666669845581055,4.1666669845581055,0,0,12,0,0,8.333333969116211,4.1666669845581055,4.1666669845581055,8,4.34782600402832,4.1666669845581055,0,0,0,110481.04711914063,62585.49230957031,0,404327403520,8589930496,5592338432,114688
9,1791575680719,2499,2499,800,800,799,800,800,800,2499,2499,2499,2500,2500,2499,799,800,4.1666669845581055,4.1666669845581055,0,0,12,0,0,8.333333969116211,4.1666669845581055,4.1666669845581055,8,4.34782600402832,4.1666669845581055,0,0,0,110481.20349121094,62585.86895751953,0,404327403520,8589930496,5592338432,114688
9,1791575680729,2499,2499,800,800,799,800,800,800,2499,2499,2499,2500,2500,2499,799,800,4.1666669845581055,4.1666669845581055,0,0,12,0,0,8.333333969116211,4.1666669845581055,4.1666669845581055,8,4.34782600402832,4.1666669845581055,0,0,0,110481.35272216797,62586.245849609375,0,404327403520,8589930496,5592338432,114688
10,1791575680739,2499,2499,800,800,799,800,800,800,2499,2499,2499,2500,2500,2499,799,800,4.1666669845581055,4.1666669845581055,0,0,12,0,0,8.333333969116211,4.1666669845581055,4.1666669845581055,8,4.34782600402832,4.1666669845581055,0,0,0,110481.50653076172,62586.61767578125,0,404327403520,8589930496,5592338432,114688
9,1791575680749,2499,2499,800,800,799,800,800,800,2499,2499,2499,2500,2500,2499,799,800,4.1666669845581055,4.1666669845581055,0,0,12,0,0,8.333333969116211,4.1666669845581055,4.1666669845581055,8,4.34782600402832,4.1666669845581055,0,0,0,110481.66326904297,62586.99395751953,0,404327403520,8589930496,5592338432,114688
9,1791575680759,2499,2499,800,800,799,800,800,800,2499,2499,2499,2500,2500,2499,799,800,4.1666669845581055,4.1666669845581055,0,0,12,0,0,8.333333969116211,4.1666669845581055,4.1666669845581055,8,4.34782600402832,4.1666669845581055,0,0,0,110481.8090209961,62587.370849609375,0,404327403520,8589930496,5592338432,114688
9,1791575680769,2499,2499,800,800,799,800,800,800,2499,2499,2499,2500,2500,2499,799,800,4.1666669845581055,4.1666669845581055,0,0,12,0,0,8.333333969116211,4.1666669845581055,4.1666669845581055,8,4.34782600402832,4.1666669845581055,0,0,0,110481.96398925781,62587.74481201172,0,404327403520,8589930496,5592338432,114688
9,1791575680779,2499,2499,800,800,799,800,800,800,2499,2499,2499,2500,2500,2499,799,800,21.052631378173828,0,0,5,0,0,0,10.526315689086914,5,0,0,55,0,19.047618865966797,5,0,110482.1157836914,62588.12030029297,0,404327403520,8589930496,5592338432,114688
9,1791575680789,2499,2499,800,800,799,800,800,800,2499,2499,2499,2500,2500,2499,799,800,21.052631378173828,0,0,5,0,0,0,10.526315689086914,5,0,0,55,0,19.047618865966797,5,0,110482.26666259766,62588.49774169922,0,404327403520,8589930496,5592338432,114688
9,1791575680799,2499,2499,800,800,799,800,800,800,2499,2499,2499,2500,2500,2499,799,800,21.052631378173828,0,0,5,0,0,0,10.526315689086914,5,0,0,55,0,19.047618865966797,5,0,110482.41882324219,62588.854064941406,0,404327403520,8589930496,5600657408,114688
9,1791575680809,2499,2499,800,800,799,800,800,800,2499,2499,2499,2500,2500,2499,799,800,21.052631378173828,0,0,5,0,0,0,10.526315689086914,5,0,0,55,0,19.047618865966797,5,0,110482.5650024414,62589.162353515625,0,404327403520,8589930496,5601181696,114688
9,1791575680819,2499,2499,800,800,799,800,800,800,2499,2499,2499,2500,2500,2499,799,800,21.052631378173828,0,0,5,0,0,0,10.526315689086914,5,0,0,55,0,19.047618865966797,5,0,110482.71856689453,62589.47119140625,0,404327403520,8589930496,5601181696,114688
9,1791575680830,2499,2499,800,800,799,800,800,800,2499,2499,2499,2500,2500,2499,799,800,21.052631378173828,0,0,5,0,0,0,10.526315689086914,5,0,0,55,0,19.047618865966797,5,0,110482.86950683594,62589.786071777344,0,404327403520,8589930496,5601181696,114688
10,1791575680840,2499,2499,800,800,799,800,800,800,2499,2499,2499,2500,2500,2499,799,800,21.052631378173828,0,0,5,0,0,0,10.526315689086914,5,0,0,55,0,19.047618865966797,5,0,110483.0234375,62590.096252441406,0,404327403520,8589930496,5601181696,114688
10,1791575680850,2499,2499,800,800,799,800,800,800,2499,2499,2499,2500,2500,2499,799,800,21.052631378173828,0,0,5,0,0,0,10.526315689086914,5,0,0,55,0,19.047618865966797,5,0,110483.1713256836,62590.40930175781,0,404327403520,8589930496,5601181696,114688
10,1791575680860,2499,2499,800,800,799,800,800,800,2499,2499,2499,2500,2500,2499,799,800,21.052631378173828,0,0,5,0,0,0,10.526315689086914,5,0,0,55,0,19.047618865966797,5,0,110483.32678222656,62590.71173095703,0,404327403520,8589930496,5617041408,114688
10,1791575680870,2499,2499,800,800,799,800,800,800,2499,2499,2499,2500,2500,2499,799,800,21.052631378173828,0,0,5,0,0,0,10.526315689086914,5,0,0,55,0,19.047618865966797,5,0,110483.48223876953,62591.01892089844,0,404327403520,8589930496,5633892352,114688
10,1791575680880,2499,2499,800,800,799,800,800,800,2499,2499,2499,2500,2500,2499,799,800,21.052631378173828,0,0,5,0,0,0,10.526315689086914,5,0,0,55,0,19.047618865966797,5,0,110483.64611816406,62591.35925292969,0,404327403520,8589930496,5650247680,114688
10,1791575680890,2499,2499,800,800,799,800,800,800,2499,2499,2499,2500,2500,2499,799,800,21.052631378173828,0,0,5,0,0,0,10.526315689086914,5,0,0,55,0,19.047618865966797,5,0,110483.79968261719,62591.66809082031,0,404327403520,8589930496,5666603008,114688
10,1791575680900,2499,2499,800,800,799,800,800,800,2499,2499,2499,2500,2500,2499,799,800,21.052631378173828,0,0,5,0,0,0,10.526315689086914,5,0,0,55,0,19.047618865966797,5,0,110483.95391845703,62591.978759765625,0,404327403520,8589930496,5666603008,114688
10,1791575680910,2499,2499,800,800,799,800,800,800,2499,2499,2499,2500,2500,2499,799,800,21.052631378173828,0,0,5,0,0,0,10.526315689086914,5,0,0,55,0,19.047618865966797,5,0,110484.10314941406,62592.28729248047,0,404327403520,8589930496,5666603008,114688
10,1791575680920,2499,2499,800,800,799,800,800,800,2499,2499,2499,2500,2500,2499,799,800,21.052631378173828,0,0,5,0,0,0,10.526315689086914,5,0,0,55,0,19.047618865966797,5,0,110484.26080322266,62592.59338378906,0,404327403520,8589930496,5666603008,114688
9,1791575680930,2499,2499,800,800,799,800,800,800,2499,2499,2499,2500,2500,2499,799,800,21.052631378173828,0,0,5,0,0,0,10.526315689086914,5,0,0,55,0,19.047618865966797,5,0,110484.41241455078,62592.90051269531,0,404327403520,8589930496,5666603008,114688
10,1791575680940,2499,2499,800,800,799,800,800,800,2499,2499,2499,2500,2500,2499,799,800,21.052631378173828,0,0,5,0,0,0,10.526315689086914,5,0,0,55,0,19.047618865966797,5,0,110484.56549072266,62593.219665527344,0,404327403520,8589930496,5675028480,114688
10,1791575680950,2499,2499,800,800,799,800,800,800,2499,2499,2499,2500,2500,2499,799,800,21.052631378173828,0,0,5,0,0,0,10.526315689086914,5,0,0,55,0,19.047618865966797,5,0,110484.71325683594,62593.52685546875,0,404327403520,8589930496,5675028480,114688
10,1791575680960,2499,2499,800,800,799,800,800,800,2499,2499,2499,2500,2500,2499,799,800,21.052631378173828,0,0,5,0,0,0,10.526315689086914,5,0,0,55,0,19.047618865966797,5,0,110484.86950683594,62593.83447265625,0,404327403520,8589930496,5683453952,114688
10,1791575680970,2499,2499,800,800,799,800,800,800,2499,2499,2499,2500,2500,2499,799,800,21.052631378173828,0,0,5,0,0,0,10.526315689086914,5,0,0,55,0,19.047618865966797,5,0,110485.02313232422,62594.14245605469,0,404327403520,8589930496,5683453952,114688
9,1791575680980,2499,2499,800,800,799,800,800,800,2499,2499,2499,2500,2500,2499,799,800,5.263157844543457,0,0,0,95,0,5,5,5.263157844543457,0,0,0,0,0,0,0,110485.17456054688,62594.44696044922,0,404327403520,8589930496,5683453952,114688
10,1791575680990,2499,2499,800,800,799,800,800,800,2499,2499,2499,2500,2500,2499,799,800,5.263157844543457,0,0,0,95,0,5,5,5.263157844543457,0,0,0,0,0,0,0,110485.32507324219,62594.75146484375,0,404327403520,8589930496,5683453952,114688
10,1791575681000,2499,2499,800,800,799,800,800,800,2499,2499,2499,2500,2500,2499,799,800,5.263157844543457,0,0,0,95,0,5,5,5.263157844543457,0,0,0,0,0,0,0,110485.4761352539,62595.06036376953,0,404327403520,8589930496,5683453952,114688
10,1791575681011,2499,2499,800,800,799,800,800,800,2499,2499,2499,2500,2500,2499,799,800,5.263157844543457,0,0,0,95,0,5,5,5.263157844543457,0,0,0,0,0,0,0,110485.62536621094,62595.366455078125,0,404327403520,8589930496,5683453952,114688
10,1791575681021,2499,2499,800,800,799,800,800,800,2499,2499,2499,2500,2500,2499,799,800,5.263157844543457,0,0,0,95,0,5,5,5.263157844543457,0,0,0,0,0,0,0,110485.7709350586,62595.67736816406,0,404327403520,8589930496,5683453952,114688
10,1791575681031,2499,2499,800,800,799,800,800,800,2499,2499,2499,2500,2500,2499,799,800,5.263157844543457,0,0,0,95,0,5,5,5.263157844543457,0,0,0,0,0,0,0,110485.91809082031,62595.98797607422,0,404327403520,8589930496,5683453952,114688
10,1791575681041,2499,2499,800,800,799,800,800,800,2499,2499,2499,2500,2500,2499,799,800,5.263157844543457,0,0,0,95,0,5,5,5.263157844543457,0,0,0,0,0,0,0,110486.06945800781,62596.29345703125,0,404327403520,8589930496,5683453952,114688
10,1791575681051,2499,2499,800,800,799,800,800,800,2499,2499,2499,2500,2500,2499,799,800,5.263157844543457,0,0,0,95,0,5,5,5.263157844543457,0,0,0,0,0,0,0,110486.21704101563,62596.60595703125,0,404327403520,8589930496,5683453952,114688
10,1791575681061,2499,2499,800,800,799,800,800,800,2499,2499,2499,2500,2500,2499,799,800,5.263157844543457,0,0,0,95,0,5,5,5.263157844543457,0,0,0,0,0,0,0,110486.36041259766,62596.916076660156,0,404327403520,8589930496,5683453952,114688
10,1791575681071,2499,2499,800,800,799,800,800,800,2499,2499,2499,2500,2500,2499,799,800,5.263157844543457,0,0,0,95,0,5,5,5.263157844543457,0,0,0,0,0,0,0,110486.50946044922,62597.227783203125,0,404327403520,8589930496,5683453952,114688
10,1791575681081,2499,2499,800,800,799,800,800,800,2499,2499,2499,2500,2500,2499,799,800,5.263157844543457,0,0,0,95,0,5,5,5.263157844543457,0,0,0,0,0,0,0,110486.67077636719,62597.56475830078,0,404327403520,8589930496,5683453952,114688
10,1791575681091,2499,2499,800,800,799,800,800,800,2499,2499,2499,2500,2500,2499,799,800,5.263157844543457,0,0,0,95,0,5,5,5.263157844543457,0,0,0,0,0,0,0,110486.82489013672,62597.87384033203,0,404327403520,8589930496,5683453952,114688
9,1791575681101,2499,2499,800,800,799,800,800,800,2499,2499,2499,2500,2500,2499,799,800,5.263157844543457,0,0,0,95,0,5,5,5.263157844543457,0,0,0,0,0,0,0,110486.97863769531,62598.181640625,0,404327403520,8589930496,5691383808,114688
10,1791575681111,2499,2499,800,800,799,800,800,800,2499,2499,2499,2500,2500,2499,799,800,5.263157844543457,0,0,0,95,0,5,5,5.263157844543457,0,0,0,0,0,0,0,110487.13342285156,62598.49560546875,0,404327403520,8589930496,5691383808,114688
10,1791575681121,2499,2499,800,800,799,800,800,800,2499,2499,2499,2500,2500,2499,799,800,5.263157844543457,0,0,0,95,0,5,5,5.263157844543457,0,0,0,0,0,0,0,110487.27960205078,62598.800720214844,0,404327403520,8589930496,5691383808,114688
10,1791575681131,2499,2499,800,800,799,800,800,800,2499,2499,2499,2500,2500,2499,799,800,5.263157844543457,0,0,0,95,0,5,5,5.263157844543457,0,0,0,0,0,0,0,110487.42803955078,62599.11169433594,0,404327403520,8589930496,5667569664,114688
10,1791575681141,2499,2499,800,800,799,800,800,800,2499,2499,2499,2500,2500,2499,799,800,5.263157844543457,0,0,0,95,0,5,5,5.263157844543457,0,0,0,0,0,0,0,110487.58129882813,62599.41796875,0,404327403520,8589930496,5667569664,114688
10,1791575681151,2499,2499,800,800,799,800,800,800,2499,2499,2499,2500,2500,2499,799,800,5.263157844543457,0,0,0,95,0,5,5,5.263157844543457,0,0,0,0,0,0,0,110487.73236083984,62599.72393798828,0,404327403520,8589930496,5667569664,114688
9,1791575681161,2499,2499,800,800,799,800,800,800,2499,2499,2499,2500,2500,2499,799,800,5.263157844543457,0,0,0,95,0,5,5,5.263157844543457,0,0,0,0,0,0,0,110487.87902832031,62600.03137207031,0,404327403520,8589930496,5667569664,114688
10,1791575681171,2499,2499,800,800,799,800,800,800,2499,2499,2499,2500,2500,2499,799,800,5.263157844543457,0,0,0,95,0,5,5,5.263157844543457,0,0,0,0,0,0,0,110488.02722167969,62600.338134765625,0,404327403520,8589930496,5667569664,114688
10,1791575681182,2499,2499,800,800,799,800,800,800,2499,2499,2499,2500,2500,2499,799,800,9.523809432983398,0,0,0,100,0,0,0,5,0,0,0,5,0,0,0,110488.17846679688,62600.646484375,0,404327403520,8589930496,5667569664,114688
9,1791575681192,2499,2499,800,800,799,800,800,800,2499,2499,2499,2500,2500,2499,799,800,9.523809432983398,0,0,0,100,0,0,0,5,0,0,0,5,0,0,0,110488.32788085938,62600.95812988281,0,404327403520,8589930496,5667569664,114688
10,1791575681202,2499,2499,800,800,799,800,800,800,2499,2499,2499,2500,2500,2499,799,800,9.523809432983398,0,0,0,100,0,0,0,5,0,0,0,5,0,0,0,110488.47979736328,62601.26599121094,0,404327403520,8589930496,5667569664,114688
10,1791575681212,2499,2499,800,800,799,800,800,800,2499,2499,2499,2500,2500,2499,799,800,9.523809432983398,0,0,0,100,0,0,0,5,0,0,0,5,0,0,0,110488.63165283203,62601.57214355469,0,404327403520,8589930496,5671038976,114688
10,1791575681222,2499,2499,800,800,799,800,800,800,2499,2499,2499,2500,2500,2499,799,800,9.523809432983398,0,0,0,100,0,0,0,5,0,0,0,5,0,0,0,110488.77911376953,62601.880126953125,0,404327403520,8589930496,5671038976,114688
10,1791575681232,2499,2499,800,800,799,800,800,800,2499,2499,2499,2500,2500,2499,799,800,9.523809432983398,0,0,0,100,0,0,0,5,0,0,0,5,0,0,0,110488.92785644531,62602.18688964844,0,404327403520,8589930496,5671038976,114688
10,1791575681242,2499,2499,800,800,799,800,800,800,2499,2499,2499,2500,2500,2499,799,800,9.523809432983398,0,0,0,100,0,0,0,5,0,0,0,5,0,0,0,110489.07250976563,62602.492736816406,0,404327403520,8589930496,5671038976,114688
10,1791575681252,2499,2499,800,800,799,800,800,800,2499,2499,2499,2500,2500,2499,799,800,9.523809432983398,0,0,0,100,0,0,0,5,0,0,0,5,0,0,0,110489.2261352539,62602.80090332031,0,404327403520,8589930496,5671038976,114688
10,1791575681262,2499,2499,800,800,799,800,800,800,2499,2499,2499,2500,2500,2499,799,800,9.523809432983398,0,0,0,100,0,0,0,5,0,0,0,5,0,0,0,110489.37005615234,62603.10675048828,0,404327403520,8589930496,5671038976,114688
10,1791575681272,2499,2499,800,800,799,800,800,800,2499,2499,2499,2500,2500,2499,799,800,9.523809432983398,0,0,0,100,0,0,0,5,0,0,0,5,0,0,0,110489.52294921875,62603.41491699219,0,404327403520,8589930496,5671038976,114688
10,1791575681282,2499,2499,800,800,799,800,800,800,2499,2499,2499,2500,2500,2499,799,800,9.523809432983398,0,0,0,100,0,0,0,5,0,0,0,5,0,0,0,110489.66876220703,62603.71984863281,0,404327403520,8589930496,5671038976,114688
9,1791575681292,2499,2499,800,800,799,800,800,800,2499,2499,2499,2500,2500,2499,799,800,9.523809432983398,0,0,0,100,0,0,0,5,0,0,0,5,0,0,0,110489.8383178711,62604.056640625,0,404327403520,8589930496,5671038976,114688
9,1791575681302,2499,2499,800,800,799,800,800,800,2499,2499,2499,2500,2500,2499,799,800,9.523809432983398,0,0,0,100,0,0,0,5,0,0,0,5,0,0,0,110489.9917602539,62604.36804199219,0,404327403520,8589930496,5671038976,114688
9,1791575681312,2499,2499,800,800,799,800,800,800,2499,2499,2499,2500,2500,2499,799,800,9.523809432983398,0,0,0,100,0,0,0,5,0,0,0,5,0,0,0,110490.1430053711,62604.67614746094,0,404327403520,8589930496,5671038976,114688
9,1791575681323,2499,2499,800,800,799,800,800,800,2499,2499,2499,2500,2500,2499,799,800,9.523809432983398,0,0,0,100,0,0,0,5,0,0,0,5,0,0,0,110490.29809570313,62604.982360839844,0,404327403520,8589930496,5671038976,114688
9,1791575681333,2499,2499,800,800,799,800,800,800,2499,2499,2499,2500,2500,2499,799,800,9.523809432983398,0,0,0,100,0,0,0,5,0,0,0,5,0,0,0,110490.4517211914,62605.295654296875,0,404327403520,8589930496,5671038976,114688
9,1791575681343,2499,2499,800,800,799,800,800,800,2499,2499,2499,2500,2500,2499,799,800,9.523809432983398,0,0,0,100,0,0,0,5,0,0,0,5,0,0,0,110490.60272216797,62605.606201171875,0,404327403520,8589930496,5671038976,114688
9,1791575681353,2499,2499,800,800,799,800,800,800,2499,2499,2499,2500,2500,2499,799,800,9.523809432983398,0,0,0,100,0,0,0,5,0,0,0,5,0,0,0,110490.75744628906,62605.910217285156,0,404327403520,8589930496,5671038976,114688
10,1791575681363,2499,2499,800,800,799,800,800,800,2499,2499,2499,2500,2500,2499,799,800,9.523809432983398,0,0,0,100,0,0,0,5,0,0,0,5,0,0,0,110490.91198730469,62606.22137451172,0,404327403520,8589930496,5671038976,114688
9,1791575681373,2499,2499,800,800,799,800,800,800,2499,2499,2499,2500,2500,2499,799,800,9.523809432983398,0,0,0,100,0,0,0,5,0,0,0,5,0,0,0,110491.06616210938,62606.52990722656,0,404327403520,8589930496,5671038976,114688
9,1791575681383,2499,2499,800,800,799,800,800,800,2499,2499,2499,2500,2500,2499,799,800,5.263157844543457,0,0,0,100,0,0,0,0,0,0,0,0,0,0,0,110491.21392822266,62606.84033203125,0,404327403520,8589930496,5671038976,114688
9,1791575681393,2499,2499,800,800,799,800,800,800,2499,2499,2499,2500,2500,2499,799,800,5.263157844543457,0,0,0,100,0,0,0,0,0,0,0,0,0,0,0,110491.36627197266,62607.14990234375,0,404327403520,8589930496,5671038976,114688
9,1791575681403,2499,2499,800,800,799,800,800,800,2499,2499,2499,2500,2500,2499,799,800,5.263157844543457,0,0,0,100,0,0,0,0,0,0,0,0,0,0,0,110491.51971435547,62607.46307373047,0,404327403520,8589930496,5671038976,114688
10,1791575681413,2499,2499,800,800,799,800,800,800,2499,2499,2499,2500,2500,2499,799,800,5.263157844543457,0,0,0,100,0,0,0,0,0,0,0,0,0,0,0,110491.6713256836,62607.76824951172,0,404327403520,8589930496,5671038976,114688
9,1791575681423,2499,2499,800,800,799,800,800,800,2499,2499,2499,2500,2500,2499,799,800,5.263157844543457,0,0,0,100,0,0,0,0,0,0,0,0,0,0,0,110491.82550048828,62608.076171875,0,404327403520,8589930496,5671038976,114688
9,1791575681433,2499,2499,800,800,799,800,800,800,2499,2499,2499,2500,2500,2499,799,800,5.263157844543457,0,0,0,100,0,0,0,0,0,0,0,0,0,0,0,110491.9789428711,62608.38641357422,0,404327403520,8589930496,5671038976,114688
9,1791575681443,2499,2499,800,800,799,800,800,800,2499,2499,2499,2500,2500,2499,799,800,5.263157844543457,0,0,0,100,0,0,0,0,0,0,0,0,0,0,0,110492.14208984375,62608.728942871094,0,404327403520,8589930496,5671038976,114688
9,1791575681453,2499,2499,800,800,799,800,800,800,2499,2499,2499,2500,2500,2499,799,800,5.263157844543457,0,0,0,100,0,0,0,0,0,0,0,0,0,0,0,110492.28918457031,62609.035888671875,0,404327403520,8589930496,5671038976,114688
9,1791575681464,2499,2499,800,800,799,800,800,800,2499,2499,2499,2500,2500,2499,799,800,5.263157844543457,0,0,0,100,0,0,0,0,0,0,0,0,0,0,0,110492.44519042969,62609.350341796875,0,404327403520,8589930496,5671038976,114688
10,1791575681474,2499,2499,800,800,799,800,800,800,2499,2499,2499,2500,2500,2499,799,800,5.263157844543457,0,0,0,100,0,0,0,0,0,0,0,0,0,0,0,110492.60089111328,62609.66149902344,0,404327403520,8589930496,5671038976,114688
9,1791575681484,2499,2499,800,800,799,800,800,800,2499,2499,2499,2500,2500,2499,799,800,5.263157844543457,0,0,0,100,0,0,0,0,0,0,0,0,0,0,0,110492.75360107422,62609.96893310547,0,404327403520,8589930496,5671038976,114688
9,1791575681494,2499,2499,800,800,799,800,800,800,2499,2499,2499,2500,2500,2499,799,800,5.263157844543457,0,0,0,100,0,0,0,0,0,0,0,0,0,0,0,110492.90368652344,62610.277099609375,0,404327403520,8589930496,5671038976,114688
9,1791575681504,2499,2499,800,800,799,800,800,800,2499,2499,2499,2500,2500,2499,799,800,5.263157844543457,0,0,0,100,0,0,0,0,0,0,0,0,0,0,0,110493.052734375,62610.596130371094,0,404327403520,8589930496,5671038976,114688
9,1791575681514,2499,2499,800,800,799,800,800,800,2499,2499,2499,2500,2500,2499,799,800,5.263157844543457,0,0,0,100,0,0,0,0,0,0,0,0,0,0,0,110493.20440673828,62610.90789794922,0,404327403520,8589930496,5671038976,114688
9,1791575681524,2499,2499,800,800,799,800,800,800,2499,2499,2499,2500,2500,2499,799,800,5.263157844543457,0,0,0,100,0,0,0,0,0,0,0,0,0,0,0,110493.35693359375,62611.2275390625,0,404327403520,8589930496,5671038976,114688
9,1791575681534,2499,2499,800,800,799,800,800,800,2499,2499,2499,2500,2500,2499,799,800,5.263157844543457,0,0,0,100,0,0,0,0,0,0,0,0,0,0,0,110493.50872802734,62611.53857421875,0,404327403520,8589930496,5671038976,114688
9,1791575681544,2499,2499,800,800,799,800,800,800,2499,2499,2499,2500,2500,2499,799,800,5.263157844543457,0,0,0,100,0,0,0,0,0,0,0,0,0,0,0,110493.66284179688,62611.847900390625,0,404327403520,8589930496,5671038976,114688
9,1791575681554,2499,2499,800,800,799,800,800,800,2499,2499,2499,2500,2500,2499,799,800,5.263157844543457,0,0,0,100,0,0,0,0,0,0,0,0,0,0,0,110493.81884765625,62612.16174316406,0,404327403520,8589930496,5671038976,114688
10,1791575681564,2499,2499,800,800,799,800,800,800,2499,2499,2499,2500,2500,2499,799,800,5.263157844543457,0,0,0,100,0,0,0,0,0,0,0,0,0,0,0,110493.96606445313,62612.475036621094,0,404327403520,8589930496,5671038976,114688
9,1791575681574,2499,2499,800,800,799,800,800,800,2499,2499,2499,2500,2500,2499,799,800,5.263157844543457,0,0,0,100,0,0,0,0,0,0,0,0,0,0,0,110494.10998535156,62612.78356933594,0,404327403520,8589930496,5671038976,114688
9,1791575681584,2499,2499,800,800,799,800,800,800,2499,2499,2499,2500,2500,2499,799,800,5.263157844543457,5,0,0,100,0,0,0,0,0,0,0,0,0,0,0,110494.27844238281,62613.126403808594,0,404327403520,8589930496,5671038976,114688
10,1791575681594,2499,2499,800,800,799,800,800,800,2499,2499,2499,2500,2500,2499,799,800,5.263157844543457,5,0,0,100,0,0,0,0,0,0,0,0,0,0,0,110494.41302490234,62613.41229248047,0,404327403520,8589930496,5671038976,114688
10,1791575681604,2499,2499,800,800,799,800,800,800,2499,2499,2499,2500,2500,2499,799,800,5.263157844543457,5,0,0,100,0,0,0,0,0,0,0,0,0,0,0,110494.56164550781,62613.715881347656,0,404327403520,8589930496,5671038976,114688
9,1791575681615,2499,2499,800,800,799,800,800,800,2499,2499,2499,2500,2500,2499,799,800,5.263157844543457,5,0,0,100,0,0,0,0,0,0,0,0,0,0,0,110494.71710205078,62614.02471923828,0,404327403520,8589930496,5671038976,114688
9,1791575681625,2499,2499,800,800,799,800,800,800,2499,2499,2499,2500,2500,2499,799,800,5.263157844543457,5,0,0,100,0,0,0,0,0,0,0,0,0,0,0,110494.8833618164,62614.3662109375,0,404327403520,8589930496,5671038976,114688
10,1791575681635,2499,2499,800,800,799,800,800,800,2499,2499,2499,2500,2500,2499,799,800,5.263157844543457,5,0,0,100,0,0,0,0,0,0,0,0,0,0,0,110495.03552246094,62614.67120361328,0,404327403520,8589930496,5671038976,114688
9,1791575681645,2499,2499,800,800,799,800,800,800,2499,2499,2499,2500,2500,2499,799,800,5.263157844543457,5,0,0,100,0,0,0,0,0,0,0,0,0,0,0,110495.18731689453,62614.984924316406,0,404327403520,8589930496,5673021440,114688
9,1791575681655,2499,2499,800,800,799,800,800,800,2499,2499,2499,2500,2500,2499,799,800,5.263157844543457,5,0,0,100,0,0,0,0,0,0,0,0,0,0,0,110495.33563232422,62615.29699707031,0,404327403520,8589930496,5673021440,114688
9,1791575681665,2499,2499,800,800,799,800,800,800,2499,2499,2499,2500,2500,2499,799,800,5.263157844543457,5,0,0,100,0,0,0,0,0,0,0,0,0,0,0,110495.48742675781,62615.60467529297,0,404327403520,8589930496,5673021440,114688
9,1791575681675,2499,2499,800,800,799,800,800,800,2499,2499,2499,2500,2500,2499,799,800,5.263157844543457,5,0,0,100,0,0,0,0,0,0,0,0,0,0,0,110495.6333618164,62615.91357421875,0,404327403520,8589930496,5673021440,114688
9,1791575681685,2499,2499,800,800,799,800,800,800,2499,2499,2499,2500,2500,2499,799,800,5.263157844543457,5,0,0,100,0,0,0,0,0,0,0,0,0,0,0,110495.78021240234,62616.22039794922,0,404327403520,8589930496,5673021440,114688
9,1791575681695,2499,2499,800,800,799,800,800,800,2499,2499,2499,2500,2500,2499,799,800,5.263157844543457,5,0,0,100,0,0,0,0,0,0,0,0,0,0,0,110495.931640625,62616.53076171875,0,404327403520,8589930496,5673021440,114688
9,1791575681705,2499,2499,800,800,799,800,800,800,2499,2499,2499,2500,2500,2499,799,800,5.263157844543457,5,0,0,100,0,0,0,0,0,0,0,0,0,0,0,110496.08233642578,62616.84606933594,0,404327403520,8589930496,5673021440,114688
9,1791575681715,2499,2499,800,800,799,800,800,800,2499,2499,2499,2500,2500,2499,799,800,5.263157844543457,5,0,0,100,0,0,0,0,0,0,0,0,0,0,0,110496.22680664063,62617.15197753906,0,404327403520,8589930496,5673021440,114688
10,1791575681725,2499,2499,800,800,799,800,800,800,2499,2499,2499,2500,2500,2499,799,800,5.263157844543457,5,0,0,100,0,0,0,0,0,0,0,0,0,0,0,110496.37603759766,62617.46014404297,0,404327403520,8589930496,5673021440,114688
9,1791575681735,2499,2499,800,800,799,800,800,800,2499,2499,2499,2500,2500,2499,799,800,5.263157844543457,5,0,0,100,0,0,0,0,0,0,0,0,0,0,0,110496.52453613281,62617.76580810547,0,404327403520,8589930496,5673021440,114688
10,1791575681745,2499,2499,800,800,799,800,800,800,2499,2499,2499,2500,2500,2499,799,800,5.263157844543457,5,0,0,100,0,0,0,0,0,0,0,0,0,0,0,110496.67529296875,62618.074279785156,0,404327403520,8589930496,5673021440,114688
9,1791575681756,2499,2499,800,800,799,800,800,800,2499,2499,2499,2500,2500,2499,799,800,5.263157844543457,5,0,0,100,0,0,0,0,0,0,0,0,0,0,0,110496.82250976563,62618.388610839844,0,404327403520,8589930496,5673021440,114688
10,1791575681766,2499,2499,800,800,799,800,800,800,2499,2499,2499,2500,2500,2499,799,800,5.263157844543457,5,0,0,100,0,0,0,0,0,0,0,0,0,0,0,110496.97668457031,62618.695861816406,0,404327403520,8589930496,5673021440,114688
9,1791575681776,2499,2499,800,800,799,800,800,800,2499,2499,2499,2500,2500,2499,799,800,5.263157844543457,5,0,0,100,0,0,0,0,0,0,0,0,0,0,0,110497.1435546875,62619.04138183594,0,404327403520,8589930496,5673021440,114688
10,1791575681786,2499,2499,800,800,799,800,800,800,2499,2499,2499,2500,2500,2499,799,800,13.636363983154297,0,0,0,100,0,0,0,0,0,0,0,0,0,0,0,110497.29919433594,62619.34893798828,0,404327403520,8589930496,5673021440,114688
9,1791575681796,2499,2499,800,800,799,800,800,800,2499,2499,2499,2500,2500,2499,799,800,13.636363983154297,0,0,0,100,0,0,0,0,0,0,0,0,0,0,0,110497.45135498047,62619.65710449219,0,404327403520,8589930496,5673021440,114688
10,1791575681806,2499,2499,800,800,799,800,800,800,2499,2499,2499,2500,2500,2499,799,800,13.636363983154297,0,0,0,100,0,0,0,0,0,0,0,0,0,0,0,110497.60369873047,62619.974365234375,0,404327403520,8589930496,5673021440,114688
9,1791575681816,2499,2499,800,800,799,800,800,800,2499,2499,2499,2500,2500,2499,799,800,13.636363983154297,0,0,0,100,0,0,0,0,0,0,0,0,0,0,0,110497.7564086914,62620.287109375,0,404327403520,8589930496,5673021440,114688
9,1791575681826,2499,2499,800,800,799,800,800,800,2499,2499,2499,2500,2500,2499,799,800,13.636363983154297,0,0,0,100,0,0,0,0,0,0,0,0,0,0,0,110497.9047241211,62620.60186767578,0,404327403520,8589930496,5675003904,114688
9,1791575681836,2499,2499,800,800,799,800,800,800,2499,2499,2499,2500,2500,2499,799,800,13.636363983154297,0,0,0,100,0,0,0,0,0,0,0,0,0,0,0,110498.05212402344,62620.91131591797,0,404327403520,8589930496,5675003904,114688
9,1791575681846,2499,2499,800,800,799,800,800,800,2499,2499,2499,2500,2500,2499,799,800,13.636363983154297,0,0,0,100,0,0,0,0,0,0,0,0,0,0,0,110498.201171875,62621.22106933594,0,404327403520,8589930496,5675003904,114688
9,1791575681856,2499,2499,800,800,799,800,800,800,2499,2499,2499,2500,2500,2499,799,800,13.636363983154297,0,0,0,100,0,0,0,0,0,0,0,0,0,0,0,110498.35827636719,62621.53405761719,0,404327403520,8589930496,5675003904,114688
9,1791575681866,2499,2499,800,800,799,800,800,800,2499,2499,2499,2500,2500,2499,799,800,13.636363983154297,0,0,0,100,0,0,0,0,0,0,0,0,0,0,0,110498.51043701172,62621.84326171875,0,404327403520,8589930496,5675003904,114688
9,1791575681877,2499,2499,800,800,799,800,800,800,2499,2499,2499,2500,2500,2499,799,800,13.636363983154297,0,0,0,100,0,0,0,0,0,0,0,0,0,0,0,110498.66149902344,62622.157287597656,0,404327403520,8589930496,5675003904,114688
9,1791575681887,2499,2499,800,800,799,800,800,800,2499,2499,2499,2500,2500,2499,799,800,13.636363983154297,0,0,0,100,0,0,0,0,0,0,0,0,0,0,0,110498.81384277344,62622.467529296875,0,404327403520,8589930496,5675003904,114688
9,1791575681897,2499,2499,800,800,799,800,800,800,2499,2499,2499,2500,2500,2499,799,800,13.636363983154297,0,0,0,100,0,0,0,0,0,0,0,0,0,0,0,110498.96252441406,62622.78289794922,0,404327403520,8589930496,5675003904,114688
9,1791575681907,2499,2499,800,800,799,800,800,800,2499,2499,2499,2500,2500,2499,799,800,13.636363983154297,0,0,0,100,0,0,0,0,0,0,0,0,0,0,0,110499.11340332031,62623.09460449219,0,404327403520,8589930496,5678968832,114688
9,1791575681917,2499,2499,800,800,799,800,800,800,2499,2499,2499,2500,2500,2499,799,800,13.636363983154297,0,0,0,100,0,0,0,0,0,0,0,0,0,0,0,110499.27728271484,62623.43017578125,0,404327403520,8589930496,5678968832,114688
9,1791575681927,2499,2499,800,800,799,800,800,800,2499,2499,2499,2500,2500,2499,799,800,13.636363983154297,0,0,0,100,0,0,0,0,0,0,0,0,0,0,0,110499.42059326172,62623.70764160156,0,404327403520,8589930496,5678968832,114688
9,1791575681937,2499,2499,800,800,799,800,800,800,2499,2499,2499,2500,2500,2499,799,800,13.636363983154297,0,0,0,100,0,0,0,0,0,0,0,0,0,0,0,110499.58813476563,62624.050537109375,0,404327403520,8589930496,5678968832,114688
9,1791575681947,2499,2499,800,800,799,800,800,800,2499,2499,2499,2500,2500,2499,799,800,13.636363983154297,0,0,0,100,0,0,0,0,0,0,0,0,0,0,0,110499.748046875,62624.35870361328,0,404327403520,8589930496,5678968832,114688
9,1791575681957,2499,2499,800,800,799,800,800,800,2499,2499,2499,2500,2500,2499,799,800,13.636363983154297,0,0,0,100,0,0,0,0,0,0,0,0,0,0,0,110499.89855957031,62624.667907714844,0,404327403520,8589930496,5678968832,114688
9,1791575681967,2499,2499,800,800,799,800,800,800,2499,2499,2499,2500,2500,2499,799,800,13.636363983154297,0,0,0,100,0,0,0,0,0,0,0,0,0,0,0,110500.05017089844,62624.980895996094,0,404327403520,8589930496,5678968832,114688
10,1791575681977,2499,2499,800,800,799,800,800,800,2499,2499,2499,2500,2500,2499,799,800,13.636363983154297,0,0,0,100,0,0,0,0,0,0,0,0,0,0,0,110500.20544433594,62625.29052734375,0,404327403520,8589930496,5678968832,114688
9,1791575681987,2499,2499,800,800,799,800,800,800,2499,2499,2499,2500,2500,2499,799,800,0,0,0,0,100,0,0,5,0,0,0,0,0,5,0,0,110500.35925292969,62625.596252441406,0,404327403520,8589930496,5678968832,114688
9,1791575681997,2499,2499,800,800,799,800,800,800,2499,2499,2499,2500,2500,2499,799,800,0,0,0,0,100,0,0,5,0,0,0,0,0,5,0,0,110500.51147460938,62625.910583496094,0,404327403520,8589930496,5687894016,114688
10,1791575682007,2499,2499,800,800,799,800,800,800,2499,2499,2499,2500,2500,2499,799,800,0,0,0,0,100,0,0,5,0,0,0,0,0,5,0,0,110500.66577148438,62626.216857910156,0,404327403520,8589930496,5687894016,114688
9,1791575682018,2499,2499,800,800,799,800,800,800,2499,2499,2499,2500,2500,2499,799,800,0,0,0,0,100,0,0,5,0,0,0,0,0,5,0,0,110500.81518554688,62626.52722167969,0,404327403520,8589930496,5684424704,114688
9,1791575682028,2499,2499,800,800,799,800,800,800,2499,2499,2499,2500,2500,2499,799,800,0,0,0,0,100,0,0,5,0,0,0,0,0,5,0,0,110500.96459960938,62626.83850097656,0,404327403520,8589930496,5684424704,114688
10,1791575682038,2499,2499,800,800,799,800,800,800,2499,2499,2499,2500,2500,2499,799,800,0,0,0,0,100,0,0,5,0,0,0,0,0,5,0,0,110501.11169433594,62627.14367675781,0,404327403520,8589930496,5684424704,114688
9,1791575682048,2499,2499,800,800,799,800,800,800,2499,2499,2499,2500,2500,2499,799,800,0,0,0,0,100,0,0,5,0,0,0,0,0,5,0,0,110501.2646484375,62627.452209472656,0,404327403520,8589930496,5684424704,114688
9,1791575682058,2499,2499,800,800,799,800,800,800,2499,2499,2499,2500,2500,2499,799,800,0,0,0,0,100,0,0,5,0,0,0,0,0,5,0,0,110501.42254638672,62627.76446533203,0,404327403520,8589930496,5679964160,114688
9,1791575682068,2499,2499,800,800,799,800,800,800,2499,2499,2499,2500,2500,2499,799,800,0,0,0,0,100,0,0,5,0,0,0,0,0,5,0,0,110501.5756225586,62628.074645996094,0,404327403520,8589930496,5671043072,114688
9,1791575682078,2499,2499,800,800,799,800,800,800,2499,2499,2499,2500,2500,2499,799,800,0,0,0,0,100,0,0,5,0,0,0,0,0,5,0,0,110501.72705078125,62628.38562011719,0,404327403520,8589930496,5580345344,114688
10,1791575682088,2499,2499,800,800,799,800,800,800,2499,2499,2499,2500,2500,2499,799,800,0,0,0,0,100,0,0,5,0,0,0,0,0,5,0,0,110501.88409423828,62628.712646484375,0,404327403520,8589930496,5505466368,114688
0,1791575682098,2499,2499,800,800,799,800,800,800,2499,2499,2499,2500,2500,2499,799,800,0,0,0,0,100,0,0,5,0,0,0,0,0,5,0,0,110502.06213378906,62629.0947265625,0,404327403520,8589930496,5497536512,114688
